+385977745022
+38591476668
+385976705183
+385992202329
+385992464795
+385915907141
+385989505010
+385922021063
+385914153870
+385917615454
+385915273555
+385953761104
+385958740886
+385996347323
+385959099119
+385998482842
+385977750332
+38598385856
+385917681623
+385992008766
+38598364539
+385913816206
+385992231183
+385993607640
+385989786740
+385957872112
+38598466625
+385919017636
+385976195261
+385916110326
+385993152442
+385916025952
+385911260207
+385959066565
+385912500780
+385995130562
+385915465745
+385911524352
+385957794197
+38598789881
+385915109564
+385998506599
+385953797670
+385911670778
+385953727123
+385958057651
+385959090116
+385981637095
+385921500521
+385998478034
+385959059628
+385989211287
+38598282878
+385981858220
+38598388753
+385912965745
+385912098404
+38591000000
+385917939323
+385976050988
+385981828145
+385915212928
+385915907141
+385989189357
+385918808669
+385922499247
+38598649165
+385977257377
+385981680940
+385989255029
+385915465745
+385958682865
+385924314114
+385992333878
+385955349018
+385996861892
+385915032963
+38598278696
+385915614545
+385976269552
+385914972113
+38598212687
+385981716695
+385916771110
+385981336366
+38598561189
+385917344449
+385915397148
+385958224825
+385915465745
+385958682865
+385924314114
+385992333878
+385996861892
+385915032963
+38598278696
+385915614545
+385976269552
+385917344449
+385914972113
+38598212687
+385981716695
+385916771110
+385981336366
+385981336366
+385981336366
+385912146413
+385976269363
+385977745022
+38591476668
+385981625881
+385976705183
+385992202329
+385992464795
+385915907141
+385989505010
+385922021063
+385914153870
+385917615454
+385915273555
+385953761104
+385958740886
+385996347323
+385976195261
+385916110326
+385993152442
+385916025952
+385911260207
+385959066565
+385912500780
+385995130562
+385989086302
+385977745022
+38591476668
+385981625881
+385976705183
+385992202329
+385992464795
+385915907141
+385989505010
+385922021063
+385914153870
+385917615454
+385915273555
+385953761104
+385958740886
+385996347323
+385976195261
+385916110326
+385993152442
+385916025952
+385911260207
+385959066565
+385912500780
+385995130562
+385959099119
+385998482842
+385912146413
+385989713989
+385916110997
+385919343841
+385955073260
+385981769971
+385997984316
+385995960683
+385916208832
+385953533791
+38598442886
+385989838001
+385992146353
+385981960463
+385992032264
+385953666666
+385958443692
+385997783820
+385915465745
+385977750332
+38598385856
+385957872112
+385917681623
+385992008766
+38598364539
+385913816206
+385992231183
+385993607640
+385989786740
+385981323950
+38598466625
+385919017636
+385976195261
+385916110326
+385916025952
+385993152442
+385911260207
+385959066565
+385912500780
+385995130562
+385998478034
+385981637095
+385921500521
+385998478034
+385998478034
+38598649165
+385977257377
+385981680940
+385989255029
+385916106747
+385916046669
+38598561189
+385917344449
+385915397148
+385958224825
+385953666666
+385958443692
+385997783820
+385915465745
+385977750332
+385981323950
+38598385856
+385957872112
+385917681623
+385992008766
+38598364539
+385913816206
+385992231183
+385993607640
+385989786740
+38598466625
+385919017636
+385915907141
+385989505010
+385922021063
+385996347323
+385914153870
+385917615454
+385915273555
+385953761104
+385958740886
+385959099119
+385998482842
+385912146413
+385976195261
+385916110326
+385993152442
+385916025952
+385911260207
+385959066565
+385912500780
+385995130562
+385915465745
+385911524352
+385957794197
+38598789881
+385915109564
+385998506599
+385953797670
+385911670778
+385953727123
+385959090116
+385992116676
+385981637095
+385921500521
+385959059628
+385989211287
+38598282878
+385981858220
+38598388753
+385912965745
+385912098404
+38591000000
+385917939323
+385976050988
+385981828145
+385915212928
+385989189357
+385915907141
+385918808669
+385922499247
+38598649165
+385977257377
+385981680940
+385916106747
+385916046669
+385917344449
+385915397148
+385958224825
+385917344449
+385915397148
+385958224825
+38598242230
+38598242230
+38598242230
+38598242230
+38598242230
+38598242230
+38598242230
+38598242230
+38598242230
+385955490733
+38598242230
+38598242230
+38598242230
+38598242230
+385955490733
+38598242230
+38598242230
+385955490733
+38598242230
+38598242230
+385955490733
+38598242230
+38598242230
+385955490733
+38598242230
+38598242230
+38598242230
+38598242230
+38598242230
+38598242230
+38598242230
+38598242230
+385955490733
+38598242230
+38598242230
+38598242230
+38598242230
+385955490733
+38598242230
+38598242230
+385955490733
+38598242230
+38598242230
+385955490733
+38598242230
+38598242230
+38598242230
+38598242230
+385955490733
+38598242230
+38598242230
+385955490733
+38598242230
+38598242230
+38598242230
+38598242230
+38598242230
+38598242230
+38598242230
+38598242230
+38598242230
+38598242230
+38598242230
+38598242230
+38598242230
+38598242230
+38598242230
+38598242230
+38598242230
+38598242230
+38598242230
+38598242230
+38598242230
+38598242230
+38598242230
+38598242230
+38598242230
+385955490733
+385955490733
+385955490733
+385955490733
+385955490733
+385955490733
+385955490733
+385955490733
+385955490733
+385955490733
+385997747878
+385955490733
+385997747878
+385955490733
+385997747878
+385955490733
+385997747878
+385955490733
+385997747878
+385955490733
+385997747878
+385955490733
+385997747878
+385997747878
+385955490733
+385997747878
+385997747878
+385955490733
+385997747878
+385997747878
+385955490733
+385997747878
+385997747878
+385955490733
+385997747878
+385997747878
+385955490733
+385997747878
+385997747878
+385955490733
+385955490733
+385955490733
+385997747878
+385997747878
+385955490733
+385997747878
+385997747878
+385955490733
+385997747878
+385997747878
+385955490733
+385955490733
+385955490733
+385955490733
+385997747878
+385997747878
+385955490733
+385997747878
+385997747878
+385955490733
+385997747878
+385997747878
+385955490733
+385997747878
+385997747878
+385955490733
+385997747878
+385997747878
+385955490733
+385997747878
+385997747878
+385955490733
+385997747878
+385997747878
+385955490733
+385997747878
+385997747878
+385997747878
+385955490733
+385997747878
+385997747878
+385997747878
+385955490733
+385997747878
+385997747878
+385997747878
+385955490733
+385997747878
+385997747878
+385997747878
+385955490733
+385955490733
+385997747878
+385997747878
+385997747878
+385955490733
+385955490733
+385955490733
+385955490733
+385997747878
+385997747878
+385997747878
+385955490733
+385997747878
+385997747878
+385955490733
+385997747878
+385997747878
+385955490733
+385997747878
+385997747878
+385955490733
+385997747878
+385997747878
+385955490733
+385955490733
+385997747878
+385997747878
+385997747878
+385955490733
+385997747878
+385997747878
+385955490733
+385955490733
+385955490733
+385997747878
+385997747878
+385955490733
+385997747878
+385997747878
+385955490733
+385997747878
+385955490733
+385997747878
+385955490733
+385997747878
+385997747878
+385955490733
+385997747878
+385955490733
+385997747878
+385955490733
+385997747878
+385997747878
+385955490733
+385997747878
+385955490733
+385997747878
+385997747878
+385955490733
+385997747878
+385955490733
+385997747878
+385955490733
+385997747878
+385997747878
+385955490733
+385955490733
+385997747878
+385997747878
+385955490733
+385997747878
+385955490733
+385997747878
+385997747878
+385955490733
+385997747878
+385955490733
+385997747878
+385997747878
+385955490733
+385997747878
+385955490733
+385997747878
+385955490733
+385997747878
+385955490733
+385997747878
+385955490733
+385997747878
+385955490733
+385997747878
+385955490733
+385997747878
+385955490733
+385997747878
+385955490733
+385997747878
+385955490733
+385997747878
+385955490733
+385997747878
+385997747878
+385955490733
+385997747878
+385955490733
+385997747878
+385955490733
+385997747878
+385955490733
+385997747878
+385997747878
+385955490733
+385955490733
+385997747878
+385955490733
+385997747878
+385997747878
+385955490733
+385997747878
+385997747878
+385955490733
+385955490733
+385997747878
+385955490733
+385997747878
+385955490733
+385997747878
+385955490733
+385997747878
+385997747878
+385955490733
+385997747878
+385955490733
+385955490733
+385997747878
+385955490733
+385997747878
+385955490733
+385997747878
+385955490733
+385997747878
+385955490733
+385997747878
+385997747878
+385955490733
+385997747878
+385955490733
+385997747878
+385955490733
+385997747878
+385955490733
+385997747878
+385955490733
+385997747878
+385955490733
+385997747878
+385955490733
+385997747878
+385955490733
+385997747878
+385955490733
+385997747878
+385955490733
+385955490733
+385997747878
+385955490733
+385997747878
+385955490733
+385997747878
+385955490733
+385997747878
+385955490733
+385955490733
+385997747878
+385955490733
+385997747878
+385955490733
+385997747878
+385955490733
+385997747878
+385955490733
+385955490733
+385997747878
+385955490733
+385997747878
+385955490733
+385997747878
+385955490733
+385997747878
+385955490733
+385997747878
+385997747878
+385997747878
+385997747878
+385997747878
+385997747878
+385997747878
+385997747878
+385997747878
+385997747878
+385997747878
+385997747878
+385997747878
+385997747878
+385997747878
+385997747878
+385997747878
+385997747878
+385997747878
+385997747878
+385997747878
+385997747878
+385997747878
+385997747878
+385997747878
+385997747878
+385997747878
+385997747878
+385997747878
+38598714195
+385997747878
+385997747878
+385997747878
+385997747878
+385997747878
+38598714195
+385997747878
+385997747878
+385997747878
+385997747878
+385997747878
+385916210200
+385951990512
+385919194891
+385989775546
+385976705183
+385953666666
+385953666666
+385953666666
+385992202329
+385989775546
+385976705183
+385953666666
+385953666666
+385953666666
+385992202329
+385953666666
+385953666666
+385953666666
+385992202329
+385953666666
+385992202329
+385992202329
+385959180338
+385959180338
+385959180338+385981697374
+38598131152
+385998232541
+38598561-189
+385992101901
+385997694619
+385912549564
+385994174155
+385917533689
+385958868657
+385995171942
+385981345488
+385922396092
+385992191099
+38598744824
+385992558537
+385922499-247
+385998414203
+385917201515
+385994480008
+385998102233
+3859981367565
+385993511315
+385989826003
+385989972003
+385913682544
+385917689593
+385955231350
+385953977067
+385995073833
+385996632095
+385989588269
+385915644256
+38591563-5634
+385917648093
+385957029066
+385915423983
+385955505085
+385917924319
+385923165942
+385953975011
+385921482404
+385911723964
+385953650891
+385917657427
+385919378004
+385977445149
+385977740158
+385916029741
+38598855-357
+385919088214
+385992023800
+38598404923
+385913117001
+38598510688
+385911962121
+385958563826
+385955751874
+385989630350
+385995392939
+385976530062
+38598396005
+385914920634
+385923474418
+385993333142
+385995642844
+385989501313
+38598679632
+385915544918
+385916206949
+385912307778
+38598735447
+385996584576
+385957511889
+385977987804
+385912013880
+385992134284
+385915019526
+385989174533
+385955952259
+385953558070
+385981674913
+385992019201
+385915724589
+385998332895
+385981697374
+385914921281
+3859590-90-116
+385981973734
+385996078486
+385976791826
0924290003
+385993030693
+385916176443
+385915446259
+385992088716
+385992261884
+385915033000
+385916398838
+385953931923
+385976931600
+385958017840
+385989171012
+38598690-320
+385914970508
+385912504988
+385912534622
+385992719025
+38598636712
+385991917417
+385997877688
+385953847771
+385992440021
+385977089857
+38598413143
+385981783878
+385923318445
+385951355513
+385919344663
+385912324111
+38598521723
+38598207048
+385989019117
+385953948413
+385913884357
+385998258720
+38598456070
+385953589541
+385992371568
+385976532451
+385992996422
+385919278637
+385955448386
+385958305984
+385919189483
+385981731721
+385989940625
+385994335586
+385998453202
+385991943685
+385911528940
+385998359911
+385994664224
+385919248394
+385976982049
+385998888914
+385955397127
+385995179073
+385958059307
+385914947777
+385919058593
+385953931914
+385912531265
+385998425390
+385992799040
+385958489472
+385998500727
+385998248963
+385991986313
+38598721271
+385919790191
+385916048947
+385976268348
+385993080325
+385989077873
+385955256186
+385958244340
+385958253206
+385915565196
+385924520309
+385992008698
+385998022514
+3859164048605
+385917977300
+385921553749
+38598855357
+385919778093
+385977170003
+385995936044
+385917203517
+385916024016
+385955798314
+385912428093
+385981777730
+385989325151
+385958360203
+385915163299
+385912214333
